111111
113311
115511
117711
119911
131131
133331
135531
137731
139931
151151
153351
155551
157751
159951
171171
173371
175571
177771
179971
191191
193391
195591
197791
199991
311113
313313
315513
317713
319913
331133
333333
335533
337733
339933
351153
353353
355553
357753
359953
371173
373373
375573
377773
379973
391193
393393
395593
397793
399993
511115
513315
515515
517715
519915
531135
533335
535535
537735
539935
551155
553355
555555
557755
559955
571175
573375
575575
577775
579975
591195
593395
595595
597795
599995
711117
713317
715517
717717
719917
731137
733337
735537
737737
739937
751157
753357
755557
757757
759957
771177
773377
775577
777777
779977
791197
793397
795597
797797
799997
911119
913319
915519
917719
919919
931139
933339
935539
937739
939939
951159
953359
955559
957759
959959
971179
973379
975579
977779
979979
991199
993399
995599
997799
999999
